*Node
      1,           0.,           0.,           0.
      2,         120.,           0.,           0.
      3,         240.,           0.,           0.
      4,         360.,           0.,           0.
      5,         480.,           0.,           0.
      6,         600.,           0.,           0.
      7,         720.,           0.,           0.
      8,           0.,   73.1564941,           0.
      9,         120.,   73.1564941,           0.
     10,         240.,   73.1564941,           0.
     11,         360.,   73.1564941,           0.
     12,         480.,   73.1564941,           0.
     13,         600.,   73.1564941,           0.
     14,         720.,   73.1564941,           0.
     15,           0.,   146.312988,           0.
     16,         120.,   146.312988,           0.
     17,         240.,   146.312988,           0.
     18,         360.,   146.312988,           0.
     19,         480.,   146.312988,           0.
     20,         600.,   146.312988,           0.
     21,         720.,   146.312988,           0.
     22,           0.,   219.469482,           0.
     23,         120.,   219.469482,           0.
     24,         240.,   219.469482,           0.
     25,         360.,   219.469482,           0.
     26,         480.,   219.469482,           0.
     27,         600.,   219.469482,           0.
     28,         720.,   219.469482,           0.
     29,           0.,   292.625977,           0.
     30,         120.,   292.625977,           0.
     31,         240.,   292.625977,           0.
     32,         360.,   292.625977,           0.
     33,         480.,   292.625977,           0.
     34,         600.,   292.625977,           0.
     35,         720.,   292.625977,           0.
     36,           0.,   365.782471,           0.
     37,         120.,   365.782471,           0.
     38,         240.,   365.782471,           0.
     39,         360.,   365.782471,           0.
     40,         480.,   365.782471,           0.
     41,         600.,   365.782471,           0.
     42,         720.,   365.782471,           0.
     43,           0.,   438.938965,           0.
     44,         120.,   438.938965,           0.
     45,         240.,   438.938965,           0.
     46,         360.,   438.938965,           0.
     47,         480.,   438.938965,           0.
     48,         600.,   438.938965,           0.
     49,         720.,   438.938965,           0.

*Element, type=S4
 1,  1,  2,  9,  8
 2,  2,  3, 10,  9
 3,  3,  4, 11, 10
 4,  4,  5, 12, 11
 5,  5,  6, 13, 12
 6,  6,  7, 14, 13
 7,  8,  9, 16, 15
 8,  9, 10, 17, 16
 9, 10, 11, 18, 17
10, 11, 12, 19, 18
11, 12, 13, 20, 19
12, 13, 14, 21, 20
13, 15, 16, 23, 22
14, 16, 17, 24, 23
15, 17, 18, 25, 24
16, 18, 19, 26, 25
17, 19, 20, 27, 26
18, 20, 21, 28, 27
19, 22, 23, 30, 29
20, 23, 24, 31, 30
21, 24, 25, 32, 31
22, 25, 26, 33, 32
23, 26, 27, 34, 33
24, 27, 28, 35, 34
25, 29, 30, 37, 36
26, 30, 31, 38, 37
27, 31, 32, 39, 38
28, 32, 33, 40, 39
29, 33, 34, 41, 40
30, 34, 35, 42, 41
31, 36, 37, 44, 43
32, 37, 38, 45, 44
33, 38, 39, 46, 45
34, 39, 40, 47, 46
35, 40, 41, 48, 47
36, 41, 42, 49, 48